   0.000   0.000   0.000   0.000   0.000   0.000   0.000   0.000   0.000   0.000   0.000   0.000   0.000   0.000   0.000   0.000   0.000   0.000   0.000   0.000
   0.0000.006083 0.01217 0.01826 0.02437 0.03056 0.03688 0.04345 0.05043 0.05804 0.06662 0.07668 0.08899  0.1048  0.1264  0.1582  0.2093  0.3023  0.5000   1.000
   0.000 0.01217 0.02433 0.03648 0.04868 0.06098 0.07352 0.08650  0.1002  0.1151  0.1318  0.1511  0.1744  0.2039  0.2428  0.2969  0.3765  0.5000  0.6977   1.000
   0.000 0.01826 0.03648 0.05468 0.07287 0.09116  0.1097  0.1288  0.1489  0.1704  0.1943  0.2215  0.2538  0.2935  0.3439  0.4102  0.5000  0.6235  0.7907   1.000
   0.000 0.02437 0.04868 0.07287 0.09698  0.1211  0.1454  0.1702  0.1960  0.2234  0.2533  0.2869  0.3259  0.3723  0.4290  0.5000  0.5898  0.7031  0.8418   1.000
   0.000 0.03056 0.06098 0.09116  0.1211  0.1508  0.1805  0.2106  0.2415  0.2739  0.3087  0.3470  0.3904  0.4407  0.5000  0.5710  0.6561  0.7572  0.8736   1.000
   0.000 0.03688 0.07352  0.1097  0.1454  0.1805  0.2153  0.2501  0.2854  0.3219  0.3605  0.4021  0.4481  0.5000  0.5593  0.6277  0.7065  0.7961  0.8952   1.000
   0.000 0.04345 0.08650  0.1288  0.1702  0.2106  0.2501  0.2892  0.3282  0.3680  0.4092  0.4528  0.5000  0.5519  0.6096  0.6741  0.7462  0.8256  0.9110   1.000
   0.000 0.05043  0.1002  0.1489  0.1960  0.2415  0.2854  0.3282  0.3704  0.4125  0.4554  0.5000  0.5472  0.5979  0.6530  0.7131  0.7785  0.8489  0.9233   1.000
   0.000 0.05804  0.1151  0.1704  0.2234  0.2739  0.3219  0.3680  0.4125  0.4562  0.5000  0.5446  0.5908  0.6395  0.6913  0.7467  0.8057  0.8682  0.9334   1.000
   0.000 0.06662  0.1318  0.1943  0.2533  0.3087  0.3605  0.4092  0.4554  0.5000  0.5438  0.5875  0.6320  0.6781  0.7261  0.7766  0.8296  0.8849  0.9420   1.000
   0.000 0.07668  0.1511  0.2215  0.2869  0.3470  0.4021  0.4528  0.5000  0.5446  0.5875  0.6296  0.6718  0.7146  0.7585  0.8040  0.8511  0.8998  0.9496   1.000
   0.000 0.08899  0.1744  0.2538  0.3259  0.3904  0.4481  0.5000  0.5472  0.5908  0.6320  0.6718  0.7108  0.7499  0.7894  0.8298  0.8712  0.9135  0.9565   1.000
   0.000  0.1048  0.2039  0.2935  0.3723  0.4407  0.5000  0.5519  0.5979  0.6395  0.6781  0.7146  0.7499  0.7847  0.8195  0.8546  0.8903  0.9265  0.9631   1.000
   0.000  0.1264  0.2428  0.3439  0.4290  0.5000  0.5593  0.6096  0.6530  0.6913  0.7261  0.7585  0.7894  0.8195  0.8492  0.8789  0.9088  0.9390  0.9694   1.000
   0.000  0.1582  0.2969  0.4102  0.5000  0.5710  0.6277  0.6741  0.7131  0.7467  0.7766  0.8040  0.8298  0.8546  0.8789  0.9030  0.9271  0.9513  0.9756   1.000
   0.000  0.2093  0.3765  0.5000  0.5898  0.6561  0.7065  0.7462  0.7785  0.8057  0.8296  0.8511  0.8712  0.8903  0.9088  0.9271  0.9453  0.9635  0.9817   1.000
   0.000  0.3023  0.5000  0.6235  0.7031  0.7572  0.7961  0.8256  0.8489  0.8682  0.8849  0.8998  0.9135  0.9265  0.9390  0.9513  0.9635  0.9757  0.9878   1.000
   0.000  0.5000  0.6977  0.7907  0.8418  0.8736  0.8952  0.9110  0.9233  0.9334  0.9420  0.9496  0.9565  0.9631  0.9694  0.9756  0.9817  0.9878  0.9939   1.000
   0.000   1.000   1.000   1.000   1.000   1.000   1.000   1.000   1.000   1.000   1.000   1.000   1.000   1.000   1.000   1.000   1.000   1.000   1.000   1.000
